-2.191306304931640625e+01 1.622386932373046875e+01 7.334073638916015625e+01
-1.991306304931640625e+01 1.222386932373046875e+01 7.334073638916015625e+01
-1.991306304931640625e+01 1.222386932373046875e+01 7.534073638916015625e+01
-1.991306304931640625e+01 1.422386932373046875e+01 7.134073638916015625e+01
-1.991306304931640625e+01 1.422386932373046875e+01 7.334073638916015625e+01
-1.991306304931640625e+01 1.422386932373046875e+01 7.534073638916015625e+01
-1.991306304931640625e+01 1.622386932373046875e+01 7.134073638916015625e+01
-1.991306304931640625e+01 1.622386932373046875e+01 7.334073638916015625e+01
-1.991306304931640625e+01 1.622386932373046875e+01 7.534073638916015625e+01
-1.991306304931640625e+01 1.822386932373046875e+01 7.134073638916015625e+01
-1.991306304931640625e+01 1.822386932373046875e+01 7.334073638916015625e+01
-1.991306304931640625e+01 1.822386932373046875e+01 7.534073638916015625e+01
-1.791306304931640625e+01 1.222386932373046875e+01 7.134073638916015625e+01
-1.791306304931640625e+01 1.222386932373046875e+01 7.334073638916015625e+01
-1.791306304931640625e+01 1.222386932373046875e+01 7.534073638916015625e+01
-1.791306304931640625e+01 1.422386932373046875e+01 7.134073638916015625e+01
-1.791306304931640625e+01 1.422386932373046875e+01 7.334073638916015625e+01
-1.791306304931640625e+01 1.422386932373046875e+01 7.534073638916015625e+01
-1.791306304931640625e+01 1.622386932373046875e+01 7.134073638916015625e+01
-1.791306304931640625e+01 1.622386932373046875e+01 7.334073638916015625e+01
-1.791306304931640625e+01 1.622386932373046875e+01 7.534073638916015625e+01
-1.791306304931640625e+01 1.622386932373046875e+01 7.734073638916015625e+01
-1.791306304931640625e+01 1.822386932373046875e+01 7.134073638916015625e+01
-1.791306304931640625e+01 1.822386932373046875e+01 7.334073638916015625e+01
-1.791306304931640625e+01 1.822386932373046875e+01 7.534073638916015625e+01
-1.791306304931640625e+01 2.022386932373046875e+01 7.334073638916015625e+01
-1.791306304931640625e+01 2.022386932373046875e+01 7.534073638916015625e+01
-1.591306304931640625e+01 1.222386932373046875e+01 7.134073638916015625e+01
-1.591306304931640625e+01 1.222386932373046875e+01 7.334073638916015625e+01
-1.591306304931640625e+01 1.222386932373046875e+01 7.534073638916015625e+01
-1.591306304931640625e+01 1.422386932373046875e+01 7.134073638916015625e+01
-1.591306304931640625e+01 1.422386932373046875e+01 7.334073638916015625e+01
-1.591306304931640625e+01 1.422386932373046875e+01 7.534073638916015625e+01
-1.591306304931640625e+01 1.622386932373046875e+01 7.134073638916015625e+01
-1.591306304931640625e+01 1.622386932373046875e+01 7.334073638916015625e+01
-1.591306304931640625e+01 1.622386932373046875e+01 7.534073638916015625e+01
-1.591306304931640625e+01 1.822386932373046875e+01 7.134073638916015625e+01
-1.591306304931640625e+01 1.822386932373046875e+01 7.334073638916015625e+01
-1.591306304931640625e+01 1.822386932373046875e+01 7.534073638916015625e+01
-1.591306304931640625e+01 2.022386932373046875e+01 7.134073638916015625e+01
-1.591306304931640625e+01 2.022386932373046875e+01 7.334073638916015625e+01
-1.591306304931640625e+01 2.022386932373046875e+01 7.534073638916015625e+01
-1.391306304931640625e+01 1.022386932373046875e+01 7.134073638916015625e+01
-1.391306304931640625e+01 1.022386932373046875e+01 7.334073638916015625e+01
-1.391306304931640625e+01 1.022386932373046875e+01 7.534073638916015625e+01
-1.391306304931640625e+01 1.222386932373046875e+01 6.934073638916015625e+01
-1.391306304931640625e+01 1.222386932373046875e+01 7.134073638916015625e+01
-1.391306304931640625e+01 1.222386932373046875e+01 7.334073638916015625e+01
-1.391306304931640625e+01 1.222386932373046875e+01 7.534073638916015625e+01
-1.391306304931640625e+01 1.422386932373046875e+01 7.134073638916015625e+01
-1.391306304931640625e+01 1.422386932373046875e+01 7.334073638916015625e+01
-1.391306304931640625e+01 1.422386932373046875e+01 7.534073638916015625e+01
-1.391306304931640625e+01 1.622386932373046875e+01 6.934073638916015625e+01
-1.391306304931640625e+01 1.622386932373046875e+01 7.134073638916015625e+01
-1.391306304931640625e+01 1.622386932373046875e+01 7.334073638916015625e+01
-1.391306304931640625e+01 1.622386932373046875e+01 7.534073638916015625e+01
-1.391306304931640625e+01 1.822386932373046875e+01 6.934073638916015625e+01
-1.391306304931640625e+01 1.822386932373046875e+01 7.134073638916015625e+01
-1.391306304931640625e+01 1.822386932373046875e+01 7.334073638916015625e+01
-1.391306304931640625e+01 1.822386932373046875e+01 7.534073638916015625e+01
-1.391306304931640625e+01 2.022386932373046875e+01 7.134073638916015625e+01
-1.391306304931640625e+01 2.022386932373046875e+01 7.334073638916015625e+01
-1.191306304931640625e+01 1.022386932373046875e+01 6.934073638916015625e+01
-1.191306304931640625e+01 1.022386932373046875e+01 7.134073638916015625e+01
-1.191306304931640625e+01 1.022386932373046875e+01 7.334073638916015625e+01
-1.191306304931640625e+01 1.022386932373046875e+01 7.534073638916015625e+01
-1.191306304931640625e+01 1.222386932373046875e+01 6.734073638916015625e+01
-1.191306304931640625e+01 1.222386932373046875e+01 6.934073638916015625e+01
-1.191306304931640625e+01 1.222386932373046875e+01 7.134073638916015625e+01
-1.191306304931640625e+01 1.222386932373046875e+01 7.334073638916015625e+01
-1.191306304931640625e+01 1.222386932373046875e+01 7.534073638916015625e+01
-1.191306304931640625e+01 1.422386932373046875e+01 6.934073638916015625e+01
-1.191306304931640625e+01 1.422386932373046875e+01 7.134073638916015625e+01
-1.191306304931640625e+01 1.422386932373046875e+01 7.334073638916015625e+01
-1.191306304931640625e+01 1.422386932373046875e+01 7.534073638916015625e+01
-1.191306304931640625e+01 1.622386932373046875e+01 7.134073638916015625e+01
-1.191306304931640625e+01 1.622386932373046875e+01 7.334073638916015625e+01
-1.191306304931640625e+01 1.622386932373046875e+01 7.534073638916015625e+01
-1.191306304931640625e+01 1.822386932373046875e+01 7.134073638916015625e+01
-1.191306304931640625e+01 1.822386932373046875e+01 7.334073638916015625e+01
-1.191306304931640625e+01 2.022386932373046875e+01 6.934073638916015625e+01
-1.191306304931640625e+01 2.022386932373046875e+01 7.134073638916015625e+01
-1.191306304931640625e+01 2.022386932373046875e+01 7.334073638916015625e+01
-1.191306304931640625e+01 2.222386932373046875e+01 6.934073638916015625e+01
-1.191306304931640625e+01 2.222386932373046875e+01 7.134073638916015625e+01
-9.913063049316406250e+00 1.022386932373046875e+01 6.934073638916015625e+01
-9.913063049316406250e+00 1.022386932373046875e+01 7.134073638916015625e+01
-9.913063049316406250e+00 1.022386932373046875e+01 7.334073638916015625e+01
-9.913063049316406250e+00 1.022386932373046875e+01 7.534073638916015625e+01
-9.913063049316406250e+00 1.222386932373046875e+01 6.934073638916015625e+01
-9.913063049316406250e+00 1.222386932373046875e+01 7.134073638916015625e+01
-9.913063049316406250e+00 1.222386932373046875e+01 7.334073638916015625e+01
-9.913063049316406250e+00 1.222386932373046875e+01 7.534073638916015625e+01
-9.913063049316406250e+00 1.422386932373046875e+01 6.934073638916015625e+01
-9.913063049316406250e+00 1.422386932373046875e+01 7.134073638916015625e+01
-9.913063049316406250e+00 1.422386932373046875e+01 7.334073638916015625e+01
-9.913063049316406250e+00 1.422386932373046875e+01 7.534073638916015625e+01
-9.913063049316406250e+00 1.622386932373046875e+01 7.134073638916015625e+01
-9.913063049316406250e+00 1.622386932373046875e+01 7.334073638916015625e+01
-9.913063049316406250e+00 1.622386932373046875e+01 7.534073638916015625e+01
-9.913063049316406250e+00 1.822386932373046875e+01 6.934073638916015625e+01
-9.913063049316406250e+00 1.822386932373046875e+01 7.134073638916015625e+01
-9.913063049316406250e+00 1.822386932373046875e+01 7.334073638916015625e+01
-9.913063049316406250e+00 2.022386932373046875e+01 6.734073638916015625e+01
-9.913063049316406250e+00 2.022386932373046875e+01 6.934073638916015625e+01
-9.913063049316406250e+00 2.022386932373046875e+01 7.134073638916015625e+01
-9.913063049316406250e+00 2.222386932373046875e+01 6.534073638916015625e+01
-9.913063049316406250e+00 2.222386932373046875e+01 6.734073638916015625e+01
-9.913063049316406250e+00 2.222386932373046875e+01 6.934073638916015625e+01
-9.913063049316406250e+00 2.222386932373046875e+01 7.134073638916015625e+01
-9.913063049316406250e+00 2.222386932373046875e+01 7.334073638916015625e+01
-9.913063049316406250e+00 2.422386932373046875e+01 6.934073638916015625e+01
-9.913063049316406250e+00 2.422386932373046875e+01 7.134073638916015625e+01
-7.913063049316406250e+00 1.022386932373046875e+01 7.134073638916015625e+01
-7.913063049316406250e+00 1.022386932373046875e+01 7.334073638916015625e+01
-7.913063049316406250e+00 1.022386932373046875e+01 7.534073638916015625e+01
-7.913063049316406250e+00 1.222386932373046875e+01 7.134073638916015625e+01
-7.913063049316406250e+00 1.222386932373046875e+01 7.334073638916015625e+01
-7.913063049316406250e+00 1.222386932373046875e+01 7.534073638916015625e+01
-7.913063049316406250e+00 1.222386932373046875e+01 7.734073638916015625e+01
-7.913063049316406250e+00 1.422386932373046875e+01 7.134073638916015625e+01
-7.913063049316406250e+00 1.422386932373046875e+01 7.334073638916015625e+01
-7.913063049316406250e+00 1.422386932373046875e+01 7.534073638916015625e+01
-7.913063049316406250e+00 1.622386932373046875e+01 7.134073638916015625e+01
-7.913063049316406250e+00 1.622386932373046875e+01 7.334073638916015625e+01
-7.913063049316406250e+00 1.822386932373046875e+01 6.934073638916015625e+01
-7.913063049316406250e+00 1.822386932373046875e+01 7.134073638916015625e+01
-7.913063049316406250e+00 2.022386932373046875e+01 6.534073638916015625e+01
-7.913063049316406250e+00 2.022386932373046875e+01 6.734073638916015625e+01
-7.913063049316406250e+00 2.022386932373046875e+01 6.934073638916015625e+01
-7.913063049316406250e+00 2.022386932373046875e+01 7.134073638916015625e+01
-7.913063049316406250e+00 2.222386932373046875e+01 6.534073638916015625e+01
-7.913063049316406250e+00 2.222386932373046875e+01 6.734073638916015625e+01
-7.913063049316406250e+00 2.222386932373046875e+01 6.934073638916015625e+01
-7.913063049316406250e+00 2.222386932373046875e+01 7.134073638916015625e+01
-7.913063049316406250e+00 2.222386932373046875e+01 7.334073638916015625e+01
-7.913063049316406250e+00 2.422386932373046875e+01 6.734073638916015625e+01
-7.913063049316406250e+00 2.422386932373046875e+01 6.934073638916015625e+01
-7.913063049316406250e+00 2.422386932373046875e+01 7.134073638916015625e+01
-5.913063049316406250e+00 1.022386932373046875e+01 7.334073638916015625e+01
-5.913063049316406250e+00 1.222386932373046875e+01 7.334073638916015625e+01
-5.913063049316406250e+00 1.222386932373046875e+01 7.534073638916015625e+01
-5.913063049316406250e+00 1.422386932373046875e+01 7.334073638916015625e+01
-5.913063049316406250e+00 1.422386932373046875e+01 7.534073638916015625e+01
-5.913063049316406250e+00 2.022386932373046875e+01 6.734073638916015625e+01
-5.913063049316406250e+00 2.022386932373046875e+01 6.934073638916015625e+01
-5.913063049316406250e+00 2.022386932373046875e+01 7.134073638916015625e+01
-5.913063049316406250e+00 2.222386932373046875e+01 6.734073638916015625e+01
-5.913063049316406250e+00 2.222386932373046875e+01 6.934073638916015625e+01
-5.913063049316406250e+00 2.222386932373046875e+01 7.134073638916015625e+01
-5.913063049316406250e+00 2.422386932373046875e+01 6.934073638916015625e+01
