4.783733367919921875e+00 2.910136413574218750e+01 2.075434875488281250e+01
4.783733367919921875e+00 2.910136413574218750e+01 3.075434875488281250e+01
4.783733367919921875e+00 2.910136413574218750e+01 3.275434875488281250e+01
4.783733367919921875e+00 3.110136413574218750e+01 2.075434875488281250e+01
4.783733367919921875e+00 3.110136413574218750e+01 3.075434875488281250e+01
4.783733367919921875e+00 3.110136413574218750e+01 3.275434875488281250e+01
6.783733367919921875e+00 2.310136413574218750e+01 2.675434875488281250e+01
6.783733367919921875e+00 2.310136413574218750e+01 2.875434875488281250e+01
6.783733367919921875e+00 2.310136413574218750e+01 3.075434875488281250e+01
6.783733367919921875e+00 2.510136413574218750e+01 2.875434875488281250e+01
6.783733367919921875e+00 2.510136413574218750e+01 3.075434875488281250e+01
6.783733367919921875e+00 2.710136413574218750e+01 1.875434875488281250e+01
6.783733367919921875e+00 2.710136413574218750e+01 2.075434875488281250e+01
6.783733367919921875e+00 2.710136413574218750e+01 2.875434875488281250e+01
6.783733367919921875e+00 2.710136413574218750e+01 3.075434875488281250e+01
6.783733367919921875e+00 2.710136413574218750e+01 3.275434875488281250e+01
6.783733367919921875e+00 2.910136413574218750e+01 1.875434875488281250e+01
6.783733367919921875e+00 2.910136413574218750e+01 2.075434875488281250e+01
6.783733367919921875e+00 2.910136413574218750e+01 2.275434875488281250e+01
6.783733367919921875e+00 2.910136413574218750e+01 2.875434875488281250e+01
6.783733367919921875e+00 2.910136413574218750e+01 3.075434875488281250e+01
6.783733367919921875e+00 2.910136413574218750e+01 3.275434875488281250e+01
6.783733367919921875e+00 3.110136413574218750e+01 1.875434875488281250e+01
6.783733367919921875e+00 3.110136413574218750e+01 2.075434875488281250e+01
6.783733367919921875e+00 3.110136413574218750e+01 2.275434875488281250e+01
6.783733367919921875e+00 3.110136413574218750e+01 2.475434875488281250e+01
6.783733367919921875e+00 3.110136413574218750e+01 2.875434875488281250e+01
6.783733367919921875e+00 3.110136413574218750e+01 3.075434875488281250e+01
6.783733367919921875e+00 3.110136413574218750e+01 3.275434875488281250e+01
6.783733367919921875e+00 3.310136413574218750e+01 1.875434875488281250e+01
6.783733367919921875e+00 3.310136413574218750e+01 2.075434875488281250e+01
6.783733367919921875e+00 3.310136413574218750e+01 2.275434875488281250e+01
6.783733367919921875e+00 3.310136413574218750e+01 2.875434875488281250e+01
6.783733367919921875e+00 3.310136413574218750e+01 3.075434875488281250e+01
6.783733367919921875e+00 3.310136413574218750e+01 3.275434875488281250e+01
8.783733367919921875e+00 2.110136413574218750e+01 2.675434875488281250e+01
8.783733367919921875e+00 2.110136413574218750e+01 2.875434875488281250e+01
8.783733367919921875e+00 2.110136413574218750e+01 3.075434875488281250e+01
8.783733367919921875e+00 2.310136413574218750e+01 2.475434875488281250e+01
8.783733367919921875e+00 2.310136413574218750e+01 2.675434875488281250e+01
8.783733367919921875e+00 2.310136413574218750e+01 2.875434875488281250e+01
8.783733367919921875e+00 2.310136413574218750e+01 3.075434875488281250e+01
8.783733367919921875e+00 2.310136413574218750e+01 3.275434875488281250e+01
8.783733367919921875e+00 2.310136413574218750e+01 3.475434875488281250e+01
8.783733367919921875e+00 2.510136413574218750e+01 2.475434875488281250e+01
8.783733367919921875e+00 2.510136413574218750e+01 2.675434875488281250e+01
8.783733367919921875e+00 2.510136413574218750e+01 2.875434875488281250e+01
8.783733367919921875e+00 2.510136413574218750e+01 3.075434875488281250e+01
8.783733367919921875e+00 2.510136413574218750e+01 3.275434875488281250e+01
8.783733367919921875e+00 2.510136413574218750e+01 3.475434875488281250e+01
8.783733367919921875e+00 2.710136413574218750e+01 1.875434875488281250e+01
8.783733367919921875e+00 2.710136413574218750e+01 2.075434875488281250e+01
8.783733367919921875e+00 2.710136413574218750e+01 2.275434875488281250e+01
8.783733367919921875e+00 2.710136413574218750e+01 2.475434875488281250e+01
8.783733367919921875e+00 2.710136413574218750e+01 2.675434875488281250e+01
8.783733367919921875e+00 2.710136413574218750e+01 2.875434875488281250e+01
8.783733367919921875e+00 2.710136413574218750e+01 3.075434875488281250e+01
8.783733367919921875e+00 2.710136413574218750e+01 3.275434875488281250e+01
8.783733367919921875e+00 2.910136413574218750e+01 1.875434875488281250e+01
8.783733367919921875e+00 2.910136413574218750e+01 2.075434875488281250e+01
8.783733367919921875e+00 2.910136413574218750e+01 2.275434875488281250e+01
8.783733367919921875e+00 2.910136413574218750e+01 2.475434875488281250e+01
8.783733367919921875e+00 2.910136413574218750e+01 2.675434875488281250e+01
8.783733367919921875e+00 2.910136413574218750e+01 2.875434875488281250e+01
8.783733367919921875e+00 2.910136413574218750e+01 3.075434875488281250e+01
8.783733367919921875e+00 2.910136413574218750e+01 3.275434875488281250e+01
8.783733367919921875e+00 3.110136413574218750e+01 1.875434875488281250e+01
8.783733367919921875e+00 3.110136413574218750e+01 2.075434875488281250e+01
8.783733367919921875e+00 3.110136413574218750e+01 2.275434875488281250e+01
8.783733367919921875e+00 3.110136413574218750e+01 2.475434875488281250e+01
8.783733367919921875e+00 3.110136413574218750e+01 2.675434875488281250e+01
8.783733367919921875e+00 3.110136413574218750e+01 2.875434875488281250e+01
8.783733367919921875e+00 3.110136413574218750e+01 3.075434875488281250e+01
8.783733367919921875e+00 3.110136413574218750e+01 3.275434875488281250e+01
8.783733367919921875e+00 3.310136413574218750e+01 1.875434875488281250e+01
8.783733367919921875e+00 3.310136413574218750e+01 2.075434875488281250e+01
8.783733367919921875e+00 3.310136413574218750e+01 2.275434875488281250e+01
8.783733367919921875e+00 3.310136413574218750e+01 2.475434875488281250e+01
8.783733367919921875e+00 3.310136413574218750e+01 2.675434875488281250e+01
8.783733367919921875e+00 3.310136413574218750e+01 2.875434875488281250e+01
8.783733367919921875e+00 3.310136413574218750e+01 3.075434875488281250e+01
8.783733367919921875e+00 3.310136413574218750e+01 3.275434875488281250e+01
1.078373336791992188e+01 2.110136413574218750e+01 2.675434875488281250e+01
1.078373336791992188e+01 2.110136413574218750e+01 2.875434875488281250e+01
1.078373336791992188e+01 2.110136413574218750e+01 3.075434875488281250e+01
1.078373336791992188e+01 2.110136413574218750e+01 3.275434875488281250e+01
1.078373336791992188e+01 2.110136413574218750e+01 3.475434875488281250e+01
1.078373336791992188e+01 2.110136413574218750e+01 3.875434875488281250e+01
1.078373336791992188e+01 2.110136413574218750e+01 4.075434875488281250e+01
1.078373336791992188e+01 2.310136413574218750e+01 2.475434875488281250e+01
1.078373336791992188e+01 2.310136413574218750e+01 2.675434875488281250e+01
1.078373336791992188e+01 2.310136413574218750e+01 2.875434875488281250e+01
1.078373336791992188e+01 2.310136413574218750e+01 3.075434875488281250e+01
1.078373336791992188e+01 2.310136413574218750e+01 3.275434875488281250e+01
1.078373336791992188e+01 2.310136413574218750e+01 3.475434875488281250e+01
1.078373336791992188e+01 2.310136413574218750e+01 3.675434875488281250e+01
1.078373336791992188e+01 2.310136413574218750e+01 3.875434875488281250e+01
1.078373336791992188e+01 2.310136413574218750e+01 4.075434875488281250e+01
1.078373336791992188e+01 2.510136413574218750e+01 2.275434875488281250e+01
1.078373336791992188e+01 2.510136413574218750e+01 2.475434875488281250e+01
1.078373336791992188e+01 2.510136413574218750e+01 2.675434875488281250e+01
1.078373336791992188e+01 2.510136413574218750e+01 2.875434875488281250e+01
1.078373336791992188e+01 2.510136413574218750e+01 3.075434875488281250e+01
1.078373336791992188e+01 2.510136413574218750e+01 3.275434875488281250e+01
1.078373336791992188e+01 2.510136413574218750e+01 3.475434875488281250e+01
1.078373336791992188e+01 2.510136413574218750e+01 3.675434875488281250e+01
1.078373336791992188e+01 2.510136413574218750e+01 3.875434875488281250e+01
1.078373336791992188e+01 2.710136413574218750e+01 2.075434875488281250e+01
1.078373336791992188e+01 2.710136413574218750e+01 2.275434875488281250e+01
1.078373336791992188e+01 2.710136413574218750e+01 2.475434875488281250e+01
1.078373336791992188e+01 2.710136413574218750e+01 2.675434875488281250e+01
1.078373336791992188e+01 2.710136413574218750e+01 2.875434875488281250e+01
1.078373336791992188e+01 2.710136413574218750e+01 3.075434875488281250e+01
1.078373336791992188e+01 2.710136413574218750e+01 3.275434875488281250e+01
1.078373336791992188e+01 2.710136413574218750e+01 3.475434875488281250e+01
1.078373336791992188e+01 2.910136413574218750e+01 2.075434875488281250e+01
1.078373336791992188e+01 2.910136413574218750e+01 2.275434875488281250e+01
1.078373336791992188e+01 2.910136413574218750e+01 2.475434875488281250e+01
1.078373336791992188e+01 2.910136413574218750e+01 2.675434875488281250e+01
1.078373336791992188e+01 2.910136413574218750e+01 2.875434875488281250e+01
1.078373336791992188e+01 2.910136413574218750e+01 3.075434875488281250e+01
1.078373336791992188e+01 2.910136413574218750e+01 3.275434875488281250e+01
1.078373336791992188e+01 3.110136413574218750e+01 2.075434875488281250e+01
1.078373336791992188e+01 3.110136413574218750e+01 2.275434875488281250e+01
1.078373336791992188e+01 3.110136413574218750e+01 2.475434875488281250e+01
1.078373336791992188e+01 3.110136413574218750e+01 2.675434875488281250e+01
1.078373336791992188e+01 3.110136413574218750e+01 2.875434875488281250e+01
1.078373336791992188e+01 3.110136413574218750e+01 3.075434875488281250e+01
1.078373336791992188e+01 3.310136413574218750e+01 2.075434875488281250e+01
1.078373336791992188e+01 3.310136413574218750e+01 2.275434875488281250e+01
1.078373336791992188e+01 3.310136413574218750e+01 2.475434875488281250e+01
1.078373336791992188e+01 3.310136413574218750e+01 2.675434875488281250e+01
1.078373336791992188e+01 3.310136413574218750e+01 2.875434875488281250e+01
1.078373336791992188e+01 3.310136413574218750e+01 3.075434875488281250e+01
1.278373336791992188e+01 1.910136413574218750e+01 3.275434875488281250e+01
1.278373336791992188e+01 1.910136413574218750e+01 3.675434875488281250e+01
1.278373336791992188e+01 1.910136413574218750e+01 3.875434875488281250e+01
1.278373336791992188e+01 1.910136413574218750e+01 4.075434875488281250e+01
1.278373336791992188e+01 2.110136413574218750e+01 2.875434875488281250e+01
1.278373336791992188e+01 2.110136413574218750e+01 3.075434875488281250e+01
1.278373336791992188e+01 2.110136413574218750e+01 3.275434875488281250e+01
1.278373336791992188e+01 2.110136413574218750e+01 3.475434875488281250e+01
1.278373336791992188e+01 2.110136413574218750e+01 3.675434875488281250e+01
1.278373336791992188e+01 2.110136413574218750e+01 3.875434875488281250e+01
1.278373336791992188e+01 2.110136413574218750e+01 4.075434875488281250e+01
1.278373336791992188e+01 2.110136413574218750e+01 4.275434875488281250e+01
1.278373336791992188e+01 2.310136413574218750e+01 2.675434875488281250e+01
1.278373336791992188e+01 2.310136413574218750e+01 2.875434875488281250e+01
1.278373336791992188e+01 2.310136413574218750e+01 3.075434875488281250e+01
1.278373336791992188e+01 2.310136413574218750e+01 3.275434875488281250e+01
1.278373336791992188e+01 2.310136413574218750e+01 3.475434875488281250e+01
1.278373336791992188e+01 2.310136413574218750e+01 3.675434875488281250e+01
1.278373336791992188e+01 2.310136413574218750e+01 3.875434875488281250e+01
1.278373336791992188e+01 2.310136413574218750e+01 4.075434875488281250e+01
1.278373336791992188e+01 2.510136413574218750e+01 2.275434875488281250e+01
1.278373336791992188e+01 2.510136413574218750e+01 2.475434875488281250e+01
1.278373336791992188e+01 2.510136413574218750e+01 2.675434875488281250e+01
1.278373336791992188e+01 2.510136413574218750e+01 2.875434875488281250e+01
1.278373336791992188e+01 2.510136413574218750e+01 3.075434875488281250e+01
1.278373336791992188e+01 2.510136413574218750e+01 3.275434875488281250e+01
1.278373336791992188e+01 2.510136413574218750e+01 3.475434875488281250e+01
1.278373336791992188e+01 2.510136413574218750e+01 3.675434875488281250e+01
1.278373336791992188e+01 2.510136413574218750e+01 3.875434875488281250e+01
1.278373336791992188e+01 2.510136413574218750e+01 4.075434875488281250e+01
1.278373336791992188e+01 2.710136413574218750e+01 2.275434875488281250e+01
1.278373336791992188e+01 2.710136413574218750e+01 2.475434875488281250e+01
1.278373336791992188e+01 2.710136413574218750e+01 2.675434875488281250e+01
1.278373336791992188e+01 2.710136413574218750e+01 2.875434875488281250e+01
1.278373336791992188e+01 2.710136413574218750e+01 3.075434875488281250e+01
1.278373336791992188e+01 2.710136413574218750e+01 3.275434875488281250e+01
1.278373336791992188e+01 2.710136413574218750e+01 3.475434875488281250e+01
1.278373336791992188e+01 2.710136413574218750e+01 3.675434875488281250e+01
1.278373336791992188e+01 2.710136413574218750e+01 3.875434875488281250e+01
1.278373336791992188e+01 2.710136413574218750e+01 4.075434875488281250e+01
1.278373336791992188e+01 2.910136413574218750e+01 2.275434875488281250e+01
1.278373336791992188e+01 2.910136413574218750e+01 2.475434875488281250e+01
1.278373336791992188e+01 2.910136413574218750e+01 2.675434875488281250e+01
1.278373336791992188e+01 2.910136413574218750e+01 2.875434875488281250e+01
1.278373336791992188e+01 2.910136413574218750e+01 3.075434875488281250e+01
1.278373336791992188e+01 3.110136413574218750e+01 2.275434875488281250e+01
1.278373336791992188e+01 3.110136413574218750e+01 2.475434875488281250e+01
1.278373336791992188e+01 3.110136413574218750e+01 2.675434875488281250e+01
1.278373336791992188e+01 3.110136413574218750e+01 2.875434875488281250e+01
1.478373336791992188e+01 1.910136413574218750e+01 3.675434875488281250e+01
1.478373336791992188e+01 1.910136413574218750e+01 3.875434875488281250e+01
1.478373336791992188e+01 1.910136413574218750e+01 4.075434875488281250e+01
1.478373336791992188e+01 2.110136413574218750e+01 3.075434875488281250e+01
1.478373336791992188e+01 2.110136413574218750e+01 3.275434875488281250e+01
1.478373336791992188e+01 2.110136413574218750e+01 3.475434875488281250e+01
1.478373336791992188e+01 2.110136413574218750e+01 3.675434875488281250e+01
1.478373336791992188e+01 2.110136413574218750e+01 3.875434875488281250e+01
1.478373336791992188e+01 2.110136413574218750e+01 4.075434875488281250e+01
1.478373336791992188e+01 2.110136413574218750e+01 4.275434875488281250e+01
1.478373336791992188e+01 2.310136413574218750e+01 2.875434875488281250e+01
1.478373336791992188e+01 2.310136413574218750e+01 3.075434875488281250e+01
1.478373336791992188e+01 2.310136413574218750e+01 3.275434875488281250e+01
1.478373336791992188e+01 2.310136413574218750e+01 3.475434875488281250e+01
1.478373336791992188e+01 2.310136413574218750e+01 3.675434875488281250e+01
1.478373336791992188e+01 2.310136413574218750e+01 3.875434875488281250e+01
1.478373336791992188e+01 2.310136413574218750e+01 4.075434875488281250e+01
1.478373336791992188e+01 2.310136413574218750e+01 4.275434875488281250e+01
1.478373336791992188e+01 2.510136413574218750e+01 2.475434875488281250e+01
1.478373336791992188e+01 2.510136413574218750e+01 2.675434875488281250e+01
1.478373336791992188e+01 2.510136413574218750e+01 3.275434875488281250e+01
1.478373336791992188e+01 2.510136413574218750e+01 3.475434875488281250e+01
1.478373336791992188e+01 2.510136413574218750e+01 3.675434875488281250e+01
1.478373336791992188e+01 2.510136413574218750e+01 3.875434875488281250e+01
1.478373336791992188e+01 2.510136413574218750e+01 4.075434875488281250e+01
1.478373336791992188e+01 2.510136413574218750e+01 4.275434875488281250e+01
1.478373336791992188e+01 2.710136413574218750e+01 2.275434875488281250e+01
1.478373336791992188e+01 2.710136413574218750e+01 2.475434875488281250e+01
1.478373336791992188e+01 2.710136413574218750e+01 2.675434875488281250e+01
1.478373336791992188e+01 2.710136413574218750e+01 2.875434875488281250e+01
1.478373336791992188e+01 2.710136413574218750e+01 3.075434875488281250e+01
1.478373336791992188e+01 2.710136413574218750e+01 3.275434875488281250e+01
1.478373336791992188e+01 2.710136413574218750e+01 3.475434875488281250e+01
1.478373336791992188e+01 2.710136413574218750e+01 3.675434875488281250e+01
1.478373336791992188e+01 2.710136413574218750e+01 3.875434875488281250e+01
1.478373336791992188e+01 2.710136413574218750e+01 4.075434875488281250e+01
1.478373336791992188e+01 2.710136413574218750e+01 4.275434875488281250e+01
1.478373336791992188e+01 2.910136413574218750e+01 2.275434875488281250e+01
1.478373336791992188e+01 2.910136413574218750e+01 2.475434875488281250e+01
1.478373336791992188e+01 2.910136413574218750e+01 2.675434875488281250e+01
1.478373336791992188e+01 2.910136413574218750e+01 2.875434875488281250e+01
1.478373336791992188e+01 2.910136413574218750e+01 3.475434875488281250e+01
1.478373336791992188e+01 2.910136413574218750e+01 3.675434875488281250e+01
1.478373336791992188e+01 2.910136413574218750e+01 3.875434875488281250e+01
1.478373336791992188e+01 2.910136413574218750e+01 4.075434875488281250e+01
1.478373336791992188e+01 2.910136413574218750e+01 4.275434875488281250e+01
1.478373336791992188e+01 3.110136413574218750e+01 2.475434875488281250e+01
1.478373336791992188e+01 3.110136413574218750e+01 2.675434875488281250e+01
1.678373336791992188e+01 1.910136413574218750e+01 3.675434875488281250e+01
1.678373336791992188e+01 1.910136413574218750e+01 3.875434875488281250e+01
1.678373336791992188e+01 1.910136413574218750e+01 4.075434875488281250e+01
1.678373336791992188e+01 2.110136413574218750e+01 3.675434875488281250e+01
1.678373336791992188e+01 2.110136413574218750e+01 3.875434875488281250e+01
1.678373336791992188e+01 2.110136413574218750e+01 4.075434875488281250e+01
1.678373336791992188e+01 2.110136413574218750e+01 4.275434875488281250e+01
1.678373336791992188e+01 2.310136413574218750e+01 3.475434875488281250e+01
1.678373336791992188e+01 2.310136413574218750e+01 3.675434875488281250e+01
1.678373336791992188e+01 2.310136413574218750e+01 3.875434875488281250e+01
1.678373336791992188e+01 2.310136413574218750e+01 4.075434875488281250e+01
1.678373336791992188e+01 2.310136413574218750e+01 4.275434875488281250e+01
1.678373336791992188e+01 2.310136413574218750e+01 4.475434875488281250e+01
1.678373336791992188e+01 2.510136413574218750e+01 2.475434875488281250e+01
1.678373336791992188e+01 2.510136413574218750e+01 3.475434875488281250e+01
1.678373336791992188e+01 2.510136413574218750e+01 3.675434875488281250e+01
1.678373336791992188e+01 2.510136413574218750e+01 3.875434875488281250e+01
1.678373336791992188e+01 2.510136413574218750e+01 4.075434875488281250e+01
1.678373336791992188e+01 2.510136413574218750e+01 4.275434875488281250e+01
1.678373336791992188e+01 2.510136413574218750e+01 4.475434875488281250e+01
1.678373336791992188e+01 2.710136413574218750e+01 2.475434875488281250e+01
1.678373336791992188e+01 2.710136413574218750e+01 2.675434875488281250e+01
1.678373336791992188e+01 2.710136413574218750e+01 3.275434875488281250e+01
1.678373336791992188e+01 2.710136413574218750e+01 3.475434875488281250e+01
1.678373336791992188e+01 2.710136413574218750e+01 3.675434875488281250e+01
1.678373336791992188e+01 2.710136413574218750e+01 3.875434875488281250e+01
1.678373336791992188e+01 2.710136413574218750e+01 4.075434875488281250e+01
1.678373336791992188e+01 2.710136413574218750e+01 4.275434875488281250e+01
1.678373336791992188e+01 2.710136413574218750e+01 4.475434875488281250e+01
1.678373336791992188e+01 2.910136413574218750e+01 2.475434875488281250e+01
1.678373336791992188e+01 2.910136413574218750e+01 2.675434875488281250e+01
1.678373336791992188e+01 2.910136413574218750e+01 3.475434875488281250e+01
1.678373336791992188e+01 2.910136413574218750e+01 3.675434875488281250e+01
1.678373336791992188e+01 2.910136413574218750e+01 3.875434875488281250e+01
1.678373336791992188e+01 2.910136413574218750e+01 4.075434875488281250e+01
1.678373336791992188e+01 2.910136413574218750e+01 4.275434875488281250e+01
1.678373336791992188e+01 2.910136413574218750e+01 4.475434875488281250e+01
1.678373336791992188e+01 3.110136413574218750e+01 4.075434875488281250e+01
1.878373336791992188e+01 2.110136413574218750e+01 3.875434875488281250e+01
1.878373336791992188e+01 2.110136413574218750e+01 4.075434875488281250e+01
1.878373336791992188e+01 2.110136413574218750e+01 4.275434875488281250e+01
1.878373336791992188e+01 2.310136413574218750e+01 3.875434875488281250e+01
1.878373336791992188e+01 2.310136413574218750e+01 4.075434875488281250e+01
1.878373336791992188e+01 2.310136413574218750e+01 4.275434875488281250e+01
1.878373336791992188e+01 2.310136413574218750e+01 4.475434875488281250e+01
1.878373336791992188e+01 2.310136413574218750e+01 4.675434875488281250e+01
1.878373336791992188e+01 2.510136413574218750e+01 3.675434875488281250e+01
1.878373336791992188e+01 2.510136413574218750e+01 3.875434875488281250e+01
1.878373336791992188e+01 2.510136413574218750e+01 4.075434875488281250e+01
1.878373336791992188e+01 2.510136413574218750e+01 4.475434875488281250e+01
1.878373336791992188e+01 2.510136413574218750e+01 4.675434875488281250e+01
1.878373336791992188e+01 2.710136413574218750e+01 3.475434875488281250e+01
1.878373336791992188e+01 2.710136413574218750e+01 3.675434875488281250e+01
1.878373336791992188e+01 2.710136413574218750e+01 3.875434875488281250e+01
1.878373336791992188e+01 2.710136413574218750e+01 4.075434875488281250e+01
1.878373336791992188e+01 2.710136413574218750e+01 4.275434875488281250e+01
1.878373336791992188e+01 2.710136413574218750e+01 4.475434875488281250e+01
1.878373336791992188e+01 2.710136413574218750e+01 4.675434875488281250e+01
1.878373336791992188e+01 2.910136413574218750e+01 3.675434875488281250e+01
1.878373336791992188e+01 2.910136413574218750e+01 4.275434875488281250e+01
2.078373336791992188e+01 2.310136413574218750e+01 4.075434875488281250e+01
