1.630490493774414062e+01 6.320919036865234375e+00 7.023992538452148438e+00
1.830490493774414062e+01 -1.679080963134765625e+00 3.023992538452148438e+00
1.830490493774414062e+01 -1.679080963134765625e+00 5.023992538452148438e+00
1.830490493774414062e+01 3.209190368652343750e-01 3.023992538452148438e+00
1.830490493774414062e+01 3.209190368652343750e-01 5.023992538452148438e+00
1.830490493774414062e+01 3.209190368652343750e-01 7.023992538452148438e+00
1.830490493774414062e+01 2.320919036865234375e+00 3.023992538452148438e+00
1.830490493774414062e+01 2.320919036865234375e+00 5.023992538452148438e+00
1.830490493774414062e+01 2.320919036865234375e+00 7.023992538452148438e+00
1.830490493774414062e+01 4.320919036865234375e+00 3.023992538452148438e+00
1.830490493774414062e+01 4.320919036865234375e+00 5.023992538452148438e+00
1.830490493774414062e+01 4.320919036865234375e+00 7.023992538452148438e+00
1.830490493774414062e+01 6.320919036865234375e+00 3.023992538452148438e+00
1.830490493774414062e+01 6.320919036865234375e+00 5.023992538452148438e+00
1.830490493774414062e+01 6.320919036865234375e+00 7.023992538452148438e+00
1.830490493774414062e+01 8.320919036865234375e+00 7.023992538452148438e+00
2.030490493774414062e+01 -1.679080963134765625e+00 3.023992538452148438e+00
2.030490493774414062e+01 -1.679080963134765625e+00 5.023992538452148438e+00
2.030490493774414062e+01 3.209190368652343750e-01 1.023992538452148438e+00
2.030490493774414062e+01 3.209190368652343750e-01 3.023992538452148438e+00
2.030490493774414062e+01 3.209190368652343750e-01 5.023992538452148438e+00
2.030490493774414062e+01 3.209190368652343750e-01 7.023992538452148438e+00
2.030490493774414062e+01 2.320919036865234375e+00 -9.760074615478515625e-01
2.030490493774414062e+01 2.320919036865234375e+00 1.023992538452148438e+00
2.030490493774414062e+01 2.320919036865234375e+00 3.023992538452148438e+00
2.030490493774414062e+01 2.320919036865234375e+00 5.023992538452148438e+00
2.030490493774414062e+01 2.320919036865234375e+00 7.023992538452148438e+00
2.030490493774414062e+01 4.320919036865234375e+00 1.023992538452148438e+00
2.030490493774414062e+01 4.320919036865234375e+00 3.023992538452148438e+00
2.030490493774414062e+01 4.320919036865234375e+00 5.023992538452148438e+00
2.030490493774414062e+01 4.320919036865234375e+00 7.023992538452148438e+00
2.030490493774414062e+01 4.320919036865234375e+00 9.023992538452148438e+00
2.030490493774414062e+01 6.320919036865234375e+00 1.023992538452148438e+00
2.030490493774414062e+01 6.320919036865234375e+00 3.023992538452148438e+00
2.030490493774414062e+01 6.320919036865234375e+00 5.023992538452148438e+00
2.030490493774414062e+01 6.320919036865234375e+00 7.023992538452148438e+00
2.030490493774414062e+01 8.320919036865234375e+00 3.023992538452148438e+00
2.030490493774414062e+01 8.320919036865234375e+00 5.023992538452148438e+00
2.230490493774414062e+01 -1.679080963134765625e+00 1.023992538452148438e+00
2.230490493774414062e+01 -1.679080963134765625e+00 3.023992538452148438e+00
2.230490493774414062e+01 -1.679080963134765625e+00 5.023992538452148438e+00
2.230490493774414062e+01 3.209190368652343750e-01 -2.976007461547851562e+00
2.230490493774414062e+01 3.209190368652343750e-01 -9.760074615478515625e-01
2.230490493774414062e+01 3.209190368652343750e-01 1.023992538452148438e+00
2.230490493774414062e+01 3.209190368652343750e-01 3.023992538452148438e+00
2.230490493774414062e+01 3.209190368652343750e-01 5.023992538452148438e+00
2.230490493774414062e+01 3.209190368652343750e-01 7.023992538452148438e+00
2.230490493774414062e+01 2.320919036865234375e+00 -2.976007461547851562e+00
2.230490493774414062e+01 2.320919036865234375e+00 -9.760074615478515625e-01
2.230490493774414062e+01 2.320919036865234375e+00 1.023992538452148438e+00
2.230490493774414062e+01 2.320919036865234375e+00 3.023992538452148438e+00
2.230490493774414062e+01 2.320919036865234375e+00 5.023992538452148438e+00
2.230490493774414062e+01 2.320919036865234375e+00 7.023992538452148438e+00
2.230490493774414062e+01 2.320919036865234375e+00 9.023992538452148438e+00
2.230490493774414062e+01 4.320919036865234375e+00 -9.760074615478515625e-01
2.230490493774414062e+01 4.320919036865234375e+00 1.023992538452148438e+00
2.230490493774414062e+01 4.320919036865234375e+00 3.023992538452148438e+00
2.230490493774414062e+01 4.320919036865234375e+00 5.023992538452148438e+00
2.230490493774414062e+01 4.320919036865234375e+00 7.023992538452148438e+00
2.230490493774414062e+01 4.320919036865234375e+00 9.023992538452148438e+00
2.230490493774414062e+01 6.320919036865234375e+00 -9.760074615478515625e-01
2.230490493774414062e+01 6.320919036865234375e+00 1.023992538452148438e+00
2.230490493774414062e+01 6.320919036865234375e+00 3.023992538452148438e+00
2.230490493774414062e+01 6.320919036865234375e+00 5.023992538452148438e+00
2.230490493774414062e+01 6.320919036865234375e+00 7.023992538452148438e+00
2.230490493774414062e+01 8.320919036865234375e+00 1.023992538452148438e+00
2.230490493774414062e+01 8.320919036865234375e+00 3.023992538452148438e+00
2.230490493774414062e+01 8.320919036865234375e+00 5.023992538452148438e+00
2.430490493774414062e+01 -1.679080963134765625e+00 -9.760074615478515625e-01
2.430490493774414062e+01 -1.679080963134765625e+00 1.023992538452148438e+00
2.430490493774414062e+01 -1.679080963134765625e+00 3.023992538452148438e+00
2.430490493774414062e+01 -1.679080963134765625e+00 9.023992538452148438e+00
2.430490493774414062e+01 3.209190368652343750e-01 -9.760074615478515625e-01
2.430490493774414062e+01 3.209190368652343750e-01 1.023992538452148438e+00
2.430490493774414062e+01 3.209190368652343750e-01 3.023992538452148438e+00
2.430490493774414062e+01 3.209190368652343750e-01 5.023992538452148438e+00
2.430490493774414062e+01 3.209190368652343750e-01 7.023992538452148438e+00
2.430490493774414062e+01 3.209190368652343750e-01 9.023992538452148438e+00
2.430490493774414062e+01 2.320919036865234375e+00 -2.976007461547851562e+00
2.430490493774414062e+01 2.320919036865234375e+00 -9.760074615478515625e-01
2.430490493774414062e+01 2.320919036865234375e+00 1.023992538452148438e+00
2.430490493774414062e+01 2.320919036865234375e+00 3.023992538452148438e+00
2.430490493774414062e+01 2.320919036865234375e+00 5.023992538452148438e+00
2.430490493774414062e+01 2.320919036865234375e+00 7.023992538452148438e+00
2.430490493774414062e+01 2.320919036865234375e+00 9.023992538452148438e+00
2.430490493774414062e+01 4.320919036865234375e+00 -2.976007461547851562e+00
2.430490493774414062e+01 4.320919036865234375e+00 -9.760074615478515625e-01
2.430490493774414062e+01 4.320919036865234375e+00 1.023992538452148438e+00
2.430490493774414062e+01 4.320919036865234375e+00 3.023992538452148438e+00
2.430490493774414062e+01 4.320919036865234375e+00 5.023992538452148438e+00
2.430490493774414062e+01 4.320919036865234375e+00 7.023992538452148438e+00
2.430490493774414062e+01 4.320919036865234375e+00 9.023992538452148438e+00
2.430490493774414062e+01 6.320919036865234375e+00 -9.760074615478515625e-01
2.430490493774414062e+01 6.320919036865234375e+00 1.023992538452148438e+00
2.430490493774414062e+01 6.320919036865234375e+00 3.023992538452148438e+00
2.430490493774414062e+01 6.320919036865234375e+00 5.023992538452148438e+00
2.430490493774414062e+01 6.320919036865234375e+00 7.023992538452148438e+00
2.430490493774414062e+01 8.320919036865234375e+00 -9.760074615478515625e-01
2.430490493774414062e+01 8.320919036865234375e+00 1.023992538452148438e+00
2.430490493774414062e+01 8.320919036865234375e+00 3.023992538452148438e+00
2.430490493774414062e+01 8.320919036865234375e+00 5.023992538452148438e+00
2.430490493774414062e+01 8.320919036865234375e+00 7.023992538452148438e+00
2.430490493774414062e+01 1.032091903686523438e+01 3.023992538452148438e+00
2.430490493774414062e+01 1.032091903686523438e+01 5.023992538452148438e+00
2.630490493774414062e+01 -1.679080963134765625e+00 1.023992538452148438e+00
2.630490493774414062e+01 -1.679080963134765625e+00 3.023992538452148438e+00
2.630490493774414062e+01 -1.679080963134765625e+00 7.023992538452148438e+00
2.630490493774414062e+01 -1.679080963134765625e+00 9.023992538452148438e+00
2.630490493774414062e+01 3.209190368652343750e-01 -9.760074615478515625e-01
2.630490493774414062e+01 3.209190368652343750e-01 1.023992538452148438e+00
2.630490493774414062e+01 3.209190368652343750e-01 3.023992538452148438e+00
2.630490493774414062e+01 3.209190368652343750e-01 5.023992538452148438e+00
2.630490493774414062e+01 3.209190368652343750e-01 7.023992538452148438e+00
2.630490493774414062e+01 3.209190368652343750e-01 9.023992538452148438e+00
2.630490493774414062e+01 2.320919036865234375e+00 -9.760074615478515625e-01
2.630490493774414062e+01 2.320919036865234375e+00 1.023992538452148438e+00
2.630490493774414062e+01 2.320919036865234375e+00 3.023992538452148438e+00
2.630490493774414062e+01 2.320919036865234375e+00 5.023992538452148438e+00
2.630490493774414062e+01 2.320919036865234375e+00 7.023992538452148438e+00
2.630490493774414062e+01 2.320919036865234375e+00 9.023992538452148438e+00
2.630490493774414062e+01 4.320919036865234375e+00 -9.760074615478515625e-01
2.630490493774414062e+01 4.320919036865234375e+00 1.023992538452148438e+00
2.630490493774414062e+01 4.320919036865234375e+00 3.023992538452148438e+00
2.630490493774414062e+01 4.320919036865234375e+00 5.023992538452148438e+00
2.630490493774414062e+01 4.320919036865234375e+00 7.023992538452148438e+00
2.630490493774414062e+01 6.320919036865234375e+00 -2.976007461547851562e+00
2.630490493774414062e+01 6.320919036865234375e+00 -9.760074615478515625e-01
2.630490493774414062e+01 6.320919036865234375e+00 1.023992538452148438e+00
2.630490493774414062e+01 6.320919036865234375e+00 3.023992538452148438e+00
2.630490493774414062e+01 6.320919036865234375e+00 5.023992538452148438e+00
2.630490493774414062e+01 6.320919036865234375e+00 7.023992538452148438e+00
2.630490493774414062e+01 8.320919036865234375e+00 -9.760074615478515625e-01
2.630490493774414062e+01 8.320919036865234375e+00 1.023992538452148438e+00
2.630490493774414062e+01 8.320919036865234375e+00 3.023992538452148438e+00
2.630490493774414062e+01 8.320919036865234375e+00 5.023992538452148438e+00
2.630490493774414062e+01 1.032091903686523438e+01 3.023992538452148438e+00
2.630490493774414062e+01 1.032091903686523438e+01 5.023992538452148438e+00
2.830490493774414062e+01 -1.679080963134765625e+00 3.023992538452148438e+00
2.830490493774414062e+01 -1.679080963134765625e+00 7.023992538452148438e+00
2.830490493774414062e+01 -1.679080963134765625e+00 9.023992538452148438e+00
2.830490493774414062e+01 3.209190368652343750e-01 1.023992538452148438e+00
2.830490493774414062e+01 3.209190368652343750e-01 3.023992538452148438e+00
2.830490493774414062e+01 3.209190368652343750e-01 5.023992538452148438e+00
2.830490493774414062e+01 3.209190368652343750e-01 7.023992538452148438e+00
2.830490493774414062e+01 3.209190368652343750e-01 9.023992538452148438e+00
2.830490493774414062e+01 2.320919036865234375e+00 1.023992538452148438e+00
2.830490493774414062e+01 2.320919036865234375e+00 3.023992538452148438e+00
2.830490493774414062e+01 2.320919036865234375e+00 5.023992538452148438e+00
2.830490493774414062e+01 2.320919036865234375e+00 7.023992538452148438e+00
2.830490493774414062e+01 2.320919036865234375e+00 9.023992538452148438e+00
2.830490493774414062e+01 4.320919036865234375e+00 -9.760074615478515625e-01
2.830490493774414062e+01 4.320919036865234375e+00 1.023992538452148438e+00
2.830490493774414062e+01 4.320919036865234375e+00 3.023992538452148438e+00
2.830490493774414062e+01 4.320919036865234375e+00 5.023992538452148438e+00
2.830490493774414062e+01 4.320919036865234375e+00 7.023992538452148438e+00
2.830490493774414062e+01 6.320919036865234375e+00 -9.760074615478515625e-01
2.830490493774414062e+01 6.320919036865234375e+00 1.023992538452148438e+00
2.830490493774414062e+01 6.320919036865234375e+00 3.023992538452148438e+00
2.830490493774414062e+01 6.320919036865234375e+00 5.023992538452148438e+00
2.830490493774414062e+01 8.320919036865234375e+00 -9.760074615478515625e-01
2.830490493774414062e+01 8.320919036865234375e+00 1.023992538452148438e+00
2.830490493774414062e+01 8.320919036865234375e+00 3.023992538452148438e+00
2.830490493774414062e+01 8.320919036865234375e+00 5.023992538452148438e+00
2.830490493774414062e+01 1.032091903686523438e+01 1.023992538452148438e+00
2.830490493774414062e+01 1.032091903686523438e+01 3.023992538452148438e+00
3.030490493774414062e+01 3.209190368652343750e-01 3.023992538452148438e+00
3.030490493774414062e+01 3.209190368652343750e-01 5.023992538452148438e+00
3.030490493774414062e+01 3.209190368652343750e-01 7.023992538452148438e+00
3.030490493774414062e+01 2.320919036865234375e+00 1.023992538452148438e+00
3.030490493774414062e+01 2.320919036865234375e+00 3.023992538452148438e+00
3.030490493774414062e+01 2.320919036865234375e+00 5.023992538452148438e+00
3.030490493774414062e+01 2.320919036865234375e+00 7.023992538452148438e+00
3.030490493774414062e+01 4.320919036865234375e+00 1.023992538452148438e+00
3.030490493774414062e+01 4.320919036865234375e+00 3.023992538452148438e+00
3.030490493774414062e+01 4.320919036865234375e+00 5.023992538452148438e+00
3.030490493774414062e+01 6.320919036865234375e+00 -9.760074615478515625e-01
3.030490493774414062e+01 6.320919036865234375e+00 1.023992538452148438e+00
3.030490493774414062e+01 6.320919036865234375e+00 3.023992538452148438e+00
3.030490493774414062e+01 6.320919036865234375e+00 5.023992538452148438e+00
3.030490493774414062e+01 8.320919036865234375e+00 -9.760074615478515625e-01
3.030490493774414062e+01 8.320919036865234375e+00 1.023992538452148438e+00
3.030490493774414062e+01 8.320919036865234375e+00 3.023992538452148438e+00
