2.154627418518066406e+01 -5.925014495849609375e+00 2.932071685791015625e+00
2.154627418518066406e+01 -3.925014495849609375e+00 9.320716857910156250e-01
2.354627418518066406e+01 -7.925014495849609375e+00 9.320716857910156250e-01
2.354627418518066406e+01 -7.925014495849609375e+00 2.932071685791015625e+00
2.354627418518066406e+01 -5.925014495849609375e+00 -1.067928314208984375e+00
2.354627418518066406e+01 -5.925014495849609375e+00 9.320716857910156250e-01
2.354627418518066406e+01 -5.925014495849609375e+00 2.932071685791015625e+00
2.354627418518066406e+01 -3.925014495849609375e+00 -1.067928314208984375e+00
2.354627418518066406e+01 -3.925014495849609375e+00 9.320716857910156250e-01
2.354627418518066406e+01 -1.925014495849609375e+00 -1.067928314208984375e+00
2.354627418518066406e+01 -1.925014495849609375e+00 9.320716857910156250e-01
2.554627418518066406e+01 -1.392501449584960938e+01 2.932071685791015625e+00
2.554627418518066406e+01 -1.192501449584960938e+01 9.320716857910156250e-01
2.554627418518066406e+01 -1.192501449584960938e+01 2.932071685791015625e+00
2.554627418518066406e+01 -9.925014495849609375e+00 9.320716857910156250e-01
2.554627418518066406e+01 -9.925014495849609375e+00 2.932071685791015625e+00
2.554627418518066406e+01 -7.925014495849609375e+00 -1.067928314208984375e+00
2.554627418518066406e+01 -7.925014495849609375e+00 9.320716857910156250e-01
2.554627418518066406e+01 -7.925014495849609375e+00 2.932071685791015625e+00
2.554627418518066406e+01 -5.925014495849609375e+00 -1.067928314208984375e+00
2.554627418518066406e+01 -5.925014495849609375e+00 9.320716857910156250e-01
2.554627418518066406e+01 -5.925014495849609375e+00 2.932071685791015625e+00
2.554627418518066406e+01 -3.925014495849609375e+00 -3.067928314208984375e+00
2.554627418518066406e+01 -3.925014495849609375e+00 -1.067928314208984375e+00
2.554627418518066406e+01 -3.925014495849609375e+00 9.320716857910156250e-01
2.554627418518066406e+01 -3.925014495849609375e+00 2.932071685791015625e+00
2.554627418518066406e+01 -1.925014495849609375e+00 -1.067928314208984375e+00
2.554627418518066406e+01 -1.925014495849609375e+00 9.320716857910156250e-01
2.754627418518066406e+01 -1.392501449584960938e+01 9.320716857910156250e-01
2.754627418518066406e+01 -1.392501449584960938e+01 2.932071685791015625e+00
2.754627418518066406e+01 -1.192501449584960938e+01 -1.067928314208984375e+00
2.754627418518066406e+01 -1.192501449584960938e+01 9.320716857910156250e-01
2.754627418518066406e+01 -1.192501449584960938e+01 2.932071685791015625e+00
2.754627418518066406e+01 -1.192501449584960938e+01 4.932071685791015625e+00
2.754627418518066406e+01 -9.925014495849609375e+00 -1.067928314208984375e+00
2.754627418518066406e+01 -9.925014495849609375e+00 9.320716857910156250e-01
2.754627418518066406e+01 -9.925014495849609375e+00 2.932071685791015625e+00
2.754627418518066406e+01 -7.925014495849609375e+00 -3.067928314208984375e+00
2.754627418518066406e+01 -7.925014495849609375e+00 -1.067928314208984375e+00
2.754627418518066406e+01 -7.925014495849609375e+00 9.320716857910156250e-01
2.754627418518066406e+01 -7.925014495849609375e+00 2.932071685791015625e+00
2.754627418518066406e+01 -5.925014495849609375e+00 -3.067928314208984375e+00
2.754627418518066406e+01 -5.925014495849609375e+00 -1.067928314208984375e+00
2.754627418518066406e+01 -5.925014495849609375e+00 9.320716857910156250e-01
2.754627418518066406e+01 -5.925014495849609375e+00 2.932071685791015625e+00
2.754627418518066406e+01 -3.925014495849609375e+00 -1.067928314208984375e+00
2.754627418518066406e+01 -3.925014495849609375e+00 9.320716857910156250e-01
2.754627418518066406e+01 -3.925014495849609375e+00 2.932071685791015625e+00
2.754627418518066406e+01 -3.925014495849609375e+00 4.932071685791015625e+00
2.754627418518066406e+01 -1.925014495849609375e+00 9.320716857910156250e-01
2.754627418518066406e+01 7.498550415039062500e-02 6.932071685791015625e+00
2.754627418518066406e+01 7.498550415039062500e-02 8.932071685791015625e+00
2.754627418518066406e+01 2.074985504150390625e+00 8.932071685791015625e+00
2.954627418518066406e+01 -1.392501449584960938e+01 9.320716857910156250e-01
2.954627418518066406e+01 -1.392501449584960938e+01 2.932071685791015625e+00
2.954627418518066406e+01 -1.192501449584960938e+01 -1.067928314208984375e+00
2.954627418518066406e+01 -1.192501449584960938e+01 9.320716857910156250e-01
2.954627418518066406e+01 -1.192501449584960938e+01 2.932071685791015625e+00
2.954627418518066406e+01 -9.925014495849609375e+00 -3.067928314208984375e+00
2.954627418518066406e+01 -9.925014495849609375e+00 -1.067928314208984375e+00
2.954627418518066406e+01 -9.925014495849609375e+00 9.320716857910156250e-01
2.954627418518066406e+01 -9.925014495849609375e+00 2.932071685791015625e+00
2.954627418518066406e+01 -7.925014495849609375e+00 -7.067928314208984375e+00
2.954627418518066406e+01 -7.925014495849609375e+00 -5.067928314208984375e+00
2.954627418518066406e+01 -7.925014495849609375e+00 -3.067928314208984375e+00
2.954627418518066406e+01 -7.925014495849609375e+00 -1.067928314208984375e+00
2.954627418518066406e+01 -7.925014495849609375e+00 9.320716857910156250e-01
2.954627418518066406e+01 -7.925014495849609375e+00 2.932071685791015625e+00
2.954627418518066406e+01 -7.925014495849609375e+00 4.932071685791015625e+00
2.954627418518066406e+01 -5.925014495849609375e+00 -7.067928314208984375e+00
2.954627418518066406e+01 -5.925014495849609375e+00 -5.067928314208984375e+00
2.954627418518066406e+01 -5.925014495849609375e+00 -3.067928314208984375e+00
2.954627418518066406e+01 -5.925014495849609375e+00 -1.067928314208984375e+00
2.954627418518066406e+01 -5.925014495849609375e+00 9.320716857910156250e-01
2.954627418518066406e+01 -5.925014495849609375e+00 2.932071685791015625e+00
2.954627418518066406e+01 -5.925014495849609375e+00 4.932071685791015625e+00
2.954627418518066406e+01 -3.925014495849609375e+00 -1.067928314208984375e+00
2.954627418518066406e+01 -3.925014495849609375e+00 9.320716857910156250e-01
2.954627418518066406e+01 -3.925014495849609375e+00 2.932071685791015625e+00
2.954627418518066406e+01 -3.925014495849609375e+00 4.932071685791015625e+00
2.954627418518066406e+01 -3.925014495849609375e+00 6.932071685791015625e+00
2.954627418518066406e+01 -1.925014495849609375e+00 2.932071685791015625e+00
2.954627418518066406e+01 -1.925014495849609375e+00 4.932071685791015625e+00
2.954627418518066406e+01 -1.925014495849609375e+00 6.932071685791015625e+00
2.954627418518066406e+01 -1.925014495849609375e+00 8.932071685791015625e+00
2.954627418518066406e+01 -1.925014495849609375e+00 1.093207168579101562e+01
2.954627418518066406e+01 7.498550415039062500e-02 4.932071685791015625e+00
2.954627418518066406e+01 7.498550415039062500e-02 6.932071685791015625e+00
2.954627418518066406e+01 7.498550415039062500e-02 8.932071685791015625e+00
2.954627418518066406e+01 7.498550415039062500e-02 1.093207168579101562e+01
2.954627418518066406e+01 7.498550415039062500e-02 1.293207168579101562e+01
2.954627418518066406e+01 2.074985504150390625e+00 6.932071685791015625e+00
2.954627418518066406e+01 2.074985504150390625e+00 8.932071685791015625e+00
2.954627418518066406e+01 2.074985504150390625e+00 1.093207168579101562e+01
2.954627418518066406e+01 2.074985504150390625e+00 1.293207168579101562e+01
3.154627418518066406e+01 -1.192501449584960938e+01 -3.067928314208984375e+00
3.154627418518066406e+01 -1.192501449584960938e+01 -1.067928314208984375e+00
3.154627418518066406e+01 -1.192501449584960938e+01 9.320716857910156250e-01
3.154627418518066406e+01 -1.192501449584960938e+01 2.932071685791015625e+00
3.154627418518066406e+01 -9.925014495849609375e+00 -7.067928314208984375e+00
3.154627418518066406e+01 -9.925014495849609375e+00 -5.067928314208984375e+00
3.154627418518066406e+01 -9.925014495849609375e+00 -3.067928314208984375e+00
3.154627418518066406e+01 -9.925014495849609375e+00 -1.067928314208984375e+00
3.154627418518066406e+01 -9.925014495849609375e+00 9.320716857910156250e-01
3.154627418518066406e+01 -9.925014495849609375e+00 2.932071685791015625e+00
3.154627418518066406e+01 -9.925014495849609375e+00 4.932071685791015625e+00
3.154627418518066406e+01 -7.925014495849609375e+00 -9.067928314208984375e+00
3.154627418518066406e+01 -7.925014495849609375e+00 -7.067928314208984375e+00
3.154627418518066406e+01 -7.925014495849609375e+00 -5.067928314208984375e+00
3.154627418518066406e+01 -7.925014495849609375e+00 -3.067928314208984375e+00
3.154627418518066406e+01 -7.925014495849609375e+00 -1.067928314208984375e+00
3.154627418518066406e+01 -7.925014495849609375e+00 9.320716857910156250e-01
3.154627418518066406e+01 -7.925014495849609375e+00 2.932071685791015625e+00
3.154627418518066406e+01 -7.925014495849609375e+00 4.932071685791015625e+00
3.154627418518066406e+01 -5.925014495849609375e+00 -7.067928314208984375e+00
3.154627418518066406e+01 -5.925014495849609375e+00 -5.067928314208984375e+00
3.154627418518066406e+01 -5.925014495849609375e+00 -3.067928314208984375e+00
3.154627418518066406e+01 -5.925014495849609375e+00 -1.067928314208984375e+00
3.154627418518066406e+01 -5.925014495849609375e+00 9.320716857910156250e-01
3.154627418518066406e+01 -5.925014495849609375e+00 2.932071685791015625e+00
3.154627418518066406e+01 -5.925014495849609375e+00 4.932071685791015625e+00
3.154627418518066406e+01 -5.925014495849609375e+00 6.932071685791015625e+00
3.154627418518066406e+01 -3.925014495849609375e+00 -3.067928314208984375e+00
3.154627418518066406e+01 -3.925014495849609375e+00 -1.067928314208984375e+00
3.154627418518066406e+01 -3.925014495849609375e+00 9.320716857910156250e-01
3.154627418518066406e+01 -3.925014495849609375e+00 2.932071685791015625e+00
3.154627418518066406e+01 -3.925014495849609375e+00 4.932071685791015625e+00
3.154627418518066406e+01 -3.925014495849609375e+00 6.932071685791015625e+00
3.154627418518066406e+01 -3.925014495849609375e+00 8.932071685791015625e+00
3.154627418518066406e+01 -1.925014495849609375e+00 9.320716857910156250e-01
3.154627418518066406e+01 -1.925014495849609375e+00 2.932071685791015625e+00
3.154627418518066406e+01 -1.925014495849609375e+00 4.932071685791015625e+00
3.154627418518066406e+01 -1.925014495849609375e+00 6.932071685791015625e+00
3.154627418518066406e+01 -1.925014495849609375e+00 8.932071685791015625e+00
3.154627418518066406e+01 -1.925014495849609375e+00 1.093207168579101562e+01
3.154627418518066406e+01 -1.925014495849609375e+00 1.293207168579101562e+01
3.154627418518066406e+01 7.498550415039062500e-02 2.932071685791015625e+00
3.154627418518066406e+01 7.498550415039062500e-02 4.932071685791015625e+00
3.154627418518066406e+01 7.498550415039062500e-02 6.932071685791015625e+00
3.154627418518066406e+01 7.498550415039062500e-02 8.932071685791015625e+00
3.154627418518066406e+01 7.498550415039062500e-02 1.093207168579101562e+01
3.154627418518066406e+01 7.498550415039062500e-02 1.293207168579101562e+01
3.154627418518066406e+01 2.074985504150390625e+00 8.932071685791015625e+00
3.154627418518066406e+01 2.074985504150390625e+00 1.093207168579101562e+01
3.154627418518066406e+01 2.074985504150390625e+00 1.293207168579101562e+01
3.354627227783203125e+01 -1.192501449584960938e+01 -3.067928314208984375e+00
3.354627227783203125e+01 -1.192501449584960938e+01 -1.067928314208984375e+00
3.354627227783203125e+01 -9.925014495849609375e+00 -7.067928314208984375e+00
3.354627227783203125e+01 -9.925014495849609375e+00 -5.067928314208984375e+00
3.354627227783203125e+01 -9.925014495849609375e+00 -3.067928314208984375e+00
3.354627227783203125e+01 -9.925014495849609375e+00 -1.067928314208984375e+00
3.354627227783203125e+01 -9.925014495849609375e+00 9.320716857910156250e-01
3.354627227783203125e+01 -9.925014495849609375e+00 2.932071685791015625e+00
3.354627227783203125e+01 -9.925014495849609375e+00 4.932071685791015625e+00
3.354627227783203125e+01 -7.925014495849609375e+00 -9.067928314208984375e+00
3.354627227783203125e+01 -7.925014495849609375e+00 -7.067928314208984375e+00
3.354627227783203125e+01 -7.925014495849609375e+00 -5.067928314208984375e+00
3.354627227783203125e+01 -7.925014495849609375e+00 -3.067928314208984375e+00
3.354627227783203125e+01 -7.925014495849609375e+00 -1.067928314208984375e+00
3.354627227783203125e+01 -7.925014495849609375e+00 9.320716857910156250e-01
3.354627227783203125e+01 -7.925014495849609375e+00 2.932071685791015625e+00
3.354627227783203125e+01 -7.925014495849609375e+00 4.932071685791015625e+00
3.354627227783203125e+01 -5.925014495849609375e+00 -9.067928314208984375e+00
3.354627227783203125e+01 -5.925014495849609375e+00 -7.067928314208984375e+00
3.354627227783203125e+01 -5.925014495849609375e+00 -5.067928314208984375e+00
3.354627227783203125e+01 -5.925014495849609375e+00 -3.067928314208984375e+00
3.354627227783203125e+01 -5.925014495849609375e+00 -1.067928314208984375e+00
3.354627227783203125e+01 -5.925014495849609375e+00 9.320716857910156250e-01
3.354627227783203125e+01 -5.925014495849609375e+00 2.932071685791015625e+00
3.354627227783203125e+01 -5.925014495849609375e+00 4.932071685791015625e+00
3.354627227783203125e+01 -5.925014495849609375e+00 6.932071685791015625e+00
3.354627227783203125e+01 -3.925014495849609375e+00 -7.067928314208984375e+00
3.354627227783203125e+01 -3.925014495849609375e+00 -5.067928314208984375e+00
3.354627227783203125e+01 -3.925014495849609375e+00 -1.067928314208984375e+00
3.354627227783203125e+01 -3.925014495849609375e+00 9.320716857910156250e-01
3.354627227783203125e+01 -3.925014495849609375e+00 2.932071685791015625e+00
3.354627227783203125e+01 -3.925014495849609375e+00 4.932071685791015625e+00
3.354627227783203125e+01 -3.925014495849609375e+00 6.932071685791015625e+00
3.354627227783203125e+01 -3.925014495849609375e+00 8.932071685791015625e+00
3.354627227783203125e+01 -3.925014495849609375e+00 1.093207168579101562e+01
3.354627227783203125e+01 -1.925014495849609375e+00 9.320716857910156250e-01
3.354627227783203125e+01 -1.925014495849609375e+00 2.932071685791015625e+00
3.354627227783203125e+01 -1.925014495849609375e+00 4.932071685791015625e+00
3.354627227783203125e+01 -1.925014495849609375e+00 6.932071685791015625e+00
3.354627227783203125e+01 -1.925014495849609375e+00 8.932071685791015625e+00
3.354627227783203125e+01 -1.925014495849609375e+00 1.093207168579101562e+01
3.354627227783203125e+01 -1.925014495849609375e+00 1.293207168579101562e+01
3.354627227783203125e+01 7.498550415039062500e-02 9.320716857910156250e-01
3.354627227783203125e+01 7.498550415039062500e-02 2.932071685791015625e+00
3.354627227783203125e+01 7.498550415039062500e-02 4.932071685791015625e+00
3.354627227783203125e+01 7.498550415039062500e-02 6.932071685791015625e+00
3.354627227783203125e+01 7.498550415039062500e-02 8.932071685791015625e+00
3.354627227783203125e+01 7.498550415039062500e-02 1.093207168579101562e+01
3.354627227783203125e+01 7.498550415039062500e-02 1.293207168579101562e+01
3.354627227783203125e+01 2.074985504150390625e+00 2.932071685791015625e+00
3.354627227783203125e+01 2.074985504150390625e+00 4.932071685791015625e+00
3.354627227783203125e+01 2.074985504150390625e+00 6.932071685791015625e+00
3.554627227783203125e+01 -9.925014495849609375e+00 -5.067928314208984375e+00
3.554627227783203125e+01 -9.925014495849609375e+00 -3.067928314208984375e+00
3.554627227783203125e+01 -9.925014495849609375e+00 -1.067928314208984375e+00
3.554627227783203125e+01 -7.925014495849609375e+00 -9.067928314208984375e+00
3.554627227783203125e+01 -7.925014495849609375e+00 -7.067928314208984375e+00
3.554627227783203125e+01 -7.925014495849609375e+00 -5.067928314208984375e+00
3.554627227783203125e+01 -7.925014495849609375e+00 -3.067928314208984375e+00
3.554627227783203125e+01 -7.925014495849609375e+00 -1.067928314208984375e+00
3.554627227783203125e+01 -7.925014495849609375e+00 9.320716857910156250e-01
3.554627227783203125e+01 -7.925014495849609375e+00 2.932071685791015625e+00
3.554627227783203125e+01 -7.925014495849609375e+00 4.932071685791015625e+00
3.554627227783203125e+01 -5.925014495849609375e+00 -9.067928314208984375e+00
3.554627227783203125e+01 -5.925014495849609375e+00 -7.067928314208984375e+00
3.554627227783203125e+01 -5.925014495849609375e+00 -5.067928314208984375e+00
3.554627227783203125e+01 -5.925014495849609375e+00 -3.067928314208984375e+00
3.554627227783203125e+01 -5.925014495849609375e+00 2.932071685791015625e+00
3.554627227783203125e+01 -5.925014495849609375e+00 4.932071685791015625e+00
3.554627227783203125e+01 -5.925014495849609375e+00 6.932071685791015625e+00
3.554627227783203125e+01 -3.925014495849609375e+00 -7.067928314208984375e+00
3.554627227783203125e+01 -3.925014495849609375e+00 -5.067928314208984375e+00
3.554627227783203125e+01 -3.925014495849609375e+00 9.320716857910156250e-01
3.554627227783203125e+01 -3.925014495849609375e+00 2.932071685791015625e+00
3.554627227783203125e+01 -3.925014495849609375e+00 4.932071685791015625e+00
3.554627227783203125e+01 -3.925014495849609375e+00 6.932071685791015625e+00
3.554627227783203125e+01 -3.925014495849609375e+00 8.932071685791015625e+00
3.554627227783203125e+01 -1.925014495849609375e+00 9.320716857910156250e-01
3.554627227783203125e+01 -1.925014495849609375e+00 2.932071685791015625e+00
3.554627227783203125e+01 -1.925014495849609375e+00 4.932071685791015625e+00
3.554627227783203125e+01 -1.925014495849609375e+00 6.932071685791015625e+00
3.554627227783203125e+01 -1.925014495849609375e+00 8.932071685791015625e+00
3.554627227783203125e+01 -1.925014495849609375e+00 1.093207168579101562e+01
3.554627227783203125e+01 7.498550415039062500e-02 9.320716857910156250e-01
3.554627227783203125e+01 7.498550415039062500e-02 2.932071685791015625e+00
3.554627227783203125e+01 7.498550415039062500e-02 4.932071685791015625e+00
3.554627227783203125e+01 7.498550415039062500e-02 6.932071685791015625e+00
3.554627227783203125e+01 7.498550415039062500e-02 8.932071685791015625e+00
3.554627227783203125e+01 7.498550415039062500e-02 1.093207168579101562e+01
3.554627227783203125e+01 2.074985504150390625e+00 2.932071685791015625e+00
3.554627227783203125e+01 2.074985504150390625e+00 4.932071685791015625e+00
3.554627227783203125e+01 2.074985504150390625e+00 6.932071685791015625e+00
3.754627227783203125e+01 -9.925014495849609375e+00 -5.067928314208984375e+00
3.754627227783203125e+01 -7.925014495849609375e+00 -7.067928314208984375e+00
3.754627227783203125e+01 -7.925014495849609375e+00 -5.067928314208984375e+00
3.754627227783203125e+01 -7.925014495849609375e+00 -3.067928314208984375e+00
3.754627227783203125e+01 -5.925014495849609375e+00 -7.067928314208984375e+00
3.754627227783203125e+01 -5.925014495849609375e+00 -5.067928314208984375e+00
3.754627227783203125e+01 -5.925014495849609375e+00 4.932071685791015625e+00
3.754627227783203125e+01 -3.925014495849609375e+00 2.932071685791015625e+00
3.754627227783203125e+01 -3.925014495849609375e+00 4.932071685791015625e+00
3.754627227783203125e+01 -3.925014495849609375e+00 6.932071685791015625e+00
3.754627227783203125e+01 -3.925014495849609375e+00 8.932071685791015625e+00
3.754627227783203125e+01 -1.925014495849609375e+00 2.932071685791015625e+00
3.754627227783203125e+01 -1.925014495849609375e+00 4.932071685791015625e+00
3.754627227783203125e+01 -1.925014495849609375e+00 6.932071685791015625e+00
3.754627227783203125e+01 -1.925014495849609375e+00 8.932071685791015625e+00
3.754627227783203125e+01 7.498550415039062500e-02 2.932071685791015625e+00
3.754627227783203125e+01 7.498550415039062500e-02 4.932071685791015625e+00
3.754627227783203125e+01 7.498550415039062500e-02 6.932071685791015625e+00
3.754627227783203125e+01 7.498550415039062500e-02 8.932071685791015625e+00
3.754627227783203125e+01 2.074985504150390625e+00 2.932071685791015625e+00
